# transform file /HCP/hcpdb/build_ssd/chpc/BUILD/HCP_Staging/1396128475_198451/STRUCTURAL/198451/T1w/198451/mri/transforms/cc_up.lta
# created by HCPpipeline on Sun Mar 30 02:54:52 2014

type      = 0
nxforms   = 1
mean      = 127.0000 146.0000 130.0000
sigma     = 10000.0000
1 4 4
9.994750022888184e-01 3.196392953395844e-02 5.298472940921783e-03 -4.548039436340332e+00 
-3.196348249912262e-02 9.994890093803406e-01 -1.694465754553676e-04 8.175521850585938e+00 
-5.301181226968765e-03 -0.000000000000000e+00 9.999859333038330e-01 5.680271625518799e+00 
0.000000000000000e+00 0.000000000000000e+00 0.000000000000000e+00 1.000000000000000e+00 
src volume info
valid = 1  # volume info valid
filename = /HCP/hcpdb/build_ssd/chpc/BUILD/HCP_Staging/1396128475_198451/STRUCTURAL/198451/T1w/198451/mri/norm.mgz
volume = 256 256 256
voxelsize = 1.000000000000000e+00 1.000000000000000e+00 1.000000000000000e+00
xras   = -1.000000000000000e+00 0.000000000000000e+00 0.000000000000000e+00
yras   = 0.000000000000000e+00 0.000000000000000e+00 -1.000000000000000e+00
zras   = 0.000000000000000e+00 1.000000000000000e+00 0.000000000000000e+00
cras   = -1.000000000000000e+00 -1.750000000000000e+01 1.900000000000000e+01
dst volume info
valid = 1  # volume info valid
filename = /HCP/hcpdb/build_ssd/chpc/BUILD/HCP_Staging/1396128475_198451/STRUCTURAL/198451/T1w/198451/mri/norm.mgz
volume = 256 256 256
voxelsize = 1.000000000000000e+00 1.000000000000000e+00 1.000000000000000e+00
xras   = -1.000000000000000e+00 0.000000000000000e+00 0.000000000000000e+00
yras   = 0.000000000000000e+00 0.000000000000000e+00 -1.000000000000000e+00
zras   = 0.000000000000000e+00 1.000000000000000e+00 0.000000000000000e+00
cras   = -1.000000000000000e+00 -1.750000000000000e+01 1.900000000000000e+01
