# transform file /HCP/hcpdb/build_ssd/chpc/BUILD/HCP_Staging/1396128475_198451/STRUCTURAL/198451/T1w/198451/mri/transforms/talairach_with_skull.lta
# created by HCPpipeline on Sat Mar 29 19:35:06 2014

type      = 0
nxforms   = 1
mean      = 127.0000 145.0000 130.0000
sigma     = 10000.0000
1 4 4
1.017724394798279e+00 5.690968409180641e-02 4.973177798092365e-03 -1.196094512939453e+01 
-5.276842787861824e-02 1.205084085464478e+00 -8.598852157592773e-02 -3.410028839111328e+01 
-8.558869361877441e-03 1.045559644699097e-01 9.192236661911011e-01 -2.266830444335938e+01 
0.000000000000000e+00 0.000000000000000e+00 0.000000000000000e+00 1.000000000000000e+00 
src volume info
valid = 1  # volume info valid
filename = /HCP/hcpdb/build_ssd/chpc/BUILD/HCP_Staging/1396128475_198451/STRUCTURAL/198451/T1w/198451/mri/nu.mgz
volume = 256 256 256
voxelsize = 1.000000000000000e+00 1.000000000000000e+00 1.000000000000000e+00
xras   = -1.000000000000000e+00 0.000000000000000e+00 0.000000000000000e+00
yras   = 0.000000000000000e+00 0.000000000000000e+00 -1.000000000000000e+00
zras   = 0.000000000000000e+00 1.000000000000000e+00 0.000000000000000e+00
cras   = -1.000000000000000e+00 -1.750000000000000e+01 1.900000000000000e+01
dst volume info
valid = 1  # volume info valid
filename = /export/freesurfer-5.3-HCP/average/RB_all_2008-03-26.gca
volume = 256 256 256
voxelsize = 1.000000000000000e+00 1.000000000000000e+00 1.000000000000000e+00
xras   = -1.000000000000000e+00 0.000000000000000e+00 0.000000000000000e+00
yras   = 0.000000000000000e+00 0.000000000000000e+00 -1.000000000000000e+00
zras   = 0.000000000000000e+00 1.000000000000000e+00 0.000000000000000e+00
cras   = 0.000000000000000e+00 0.000000000000000e+00 0.000000000000000e+00
