# transform file transforms/talairach_with_skull_2.lta
# created by HCPpipeline on Sun Mar 30 02:31:36 2014

type      = 0
nxforms   = 1
mean      = 127.0000 146.0000 130.0000
sigma     = 10000.0000
1 4 4
1.070604920387268e+00 -2.577157877385616e-02 -3.131141141057014e-02 -2.675673007965088e+00 
1.706312410533428e-02 1.281111717224121e+00 -7.720965147018433e-02 -5.230551528930664e+01 
3.439220041036606e-02 1.050028949975967e-01 9.453892707824707e-01 -3.152074623107910e+01 
0.000000000000000e+00 0.000000000000000e+00 0.000000000000000e+00 1.000000000000000e+00 
src volume info
valid = 1  # volume info valid
filename = nu_noneck.mgz
volume = 256 256 256
voxelsize = 1.000000000000000e+00 1.000000000000000e+00 1.000000000000000e+00
xras   = -1.000000000000000e+00 0.000000000000000e+00 0.000000000000000e+00
yras   = 0.000000000000000e+00 0.000000000000000e+00 -1.000000000000000e+00
zras   = 0.000000000000000e+00 1.000000000000000e+00 0.000000000000000e+00
cras   = -1.000000000000000e+00 -1.750000000000000e+01 1.900000000000000e+01
dst volume info
valid = 1  # volume info valid
filename = /export/freesurfer-5.3-HCP/average/RB_all_withskull_2008-03-26.gca
volume = 256 256 256
voxelsize = 1.000000000000000e+00 1.000000000000000e+00 1.000000000000000e+00
xras   = -1.000000000000000e+00 0.000000000000000e+00 0.000000000000000e+00
yras   = 0.000000000000000e+00 0.000000000000000e+00 -1.000000000000000e+00
zras   = 0.000000000000000e+00 1.000000000000000e+00 0.000000000000000e+00
cras   = 0.000000000000000e+00 0.000000000000000e+00 0.000000000000000e+00
fscale 0.150000
