# transform file transforms/talairach.lta
# created by HCPpipeline on Sat Mar 29 20:04:35 2014

type      = 0
nxforms   = 1
mean      = 127.0000 146.0000 130.0000
sigma     = 10000.0000
1 4 4
1.019843459129333e+00 5.891463905572891e-02 4.377862904220819e-03 -1.357104778289795e+01 
-4.729730263352394e-02 1.125222325325012e+00 -4.345859587192535e-02 -2.793114471435547e+01 
-7.257749792188406e-03 5.771074444055557e-02 9.367601275444031e-01 -1.751297187805176e+01 
0.000000000000000e+00 0.000000000000000e+00 0.000000000000000e+00 1.000000000000000e+00 
src volume info
valid = 1  # volume info valid
filename = nu.mgz
volume = 256 256 256
voxelsize = 1.000000000000000e+00 1.000000000000000e+00 1.000000000000000e+00
xras   = -1.000000000000000e+00 0.000000000000000e+00 0.000000000000000e+00
yras   = 0.000000000000000e+00 0.000000000000000e+00 -1.000000000000000e+00
zras   = 0.000000000000000e+00 1.000000000000000e+00 0.000000000000000e+00
cras   = -1.000000000000000e+00 -1.750000000000000e+01 1.900000000000000e+01
dst volume info
valid = 1  # volume info valid
filename = /export/freesurfer-5.3-HCP/average/RB_all_2008-03-26.gca
volume = 256 256 256
voxelsize = 1.000000000000000e+00 1.000000000000000e+00 1.000000000000000e+00
xras   = -1.000000000000000e+00 0.000000000000000e+00 0.000000000000000e+00
yras   = 0.000000000000000e+00 0.000000000000000e+00 -1.000000000000000e+00
zras   = 0.000000000000000e+00 1.000000000000000e+00 0.000000000000000e+00
cras   = 0.000000000000000e+00 0.000000000000000e+00 0.000000000000000e+00
