# transform file /home/bverreman/Desktop/test2_high_res/mri/transforms/cc_up.lta
# created by bverreman on Fri Aug 18 16:28:04 2023

type      = 0 # LINEAR_VOX_TO_VOX
nxforms   = 1
mean      = 154.0000 185.0000 154.0000
sigma     = 10000.0000
1 4 4
9.998575448989868e-01 -6.508084945380688e-03 1.558046694844961e-02 -2.560690116882324e+01 
6.507295183837414e-03 9.999788999557495e-01 1.014011431834660e-04 -2.400941848754883e+01 
-1.558079756796360e-02 0.000000000000000e+00 9.998787641525269e-01 -1.559316730499268e+01 
0.000000000000000e+00 0.000000000000000e+00 0.000000000000000e+00 1.000000000000000e+00 
src volume info
valid = 1  # volume info valid
filename = /home/bverreman/Desktop/test2_high_res/mri/norm.mgz
volume = 311 311 311
voxelsize = 6.999999880790710e-01 6.999999880790710e-01 6.999999880790710e-01
xras   = -1.000000000000000e+00 0.000000000000000e+00 0.000000000000000e+00
yras   = 0.000000000000000e+00 0.000000000000000e+00 -1.000000000000000e+00
zras   = 0.000000000000000e+00 1.000000000000000e+00 0.000000000000000e+00
cras   = -1.000000000000000e+00 -1.715000152587891e+01 1.900000000000000e+01
dst volume info
valid = 1  # volume info valid
filename = /home/bverreman/Desktop/test2_high_res/mri/norm.mgz
volume = 311 311 311
voxelsize = 6.999999880790710e-01 6.999999880790710e-01 6.999999880790710e-01
xras   = -1.000000000000000e+00 0.000000000000000e+00 0.000000000000000e+00
yras   = 0.000000000000000e+00 0.000000000000000e+00 -1.000000000000000e+00
zras   = 0.000000000000000e+00 1.000000000000000e+00 0.000000000000000e+00
cras   = -1.000000000000000e+00 -1.715000152587891e+01 1.900000000000000e+01
