type      = 1 # LINEAR_RAS_TO_RAS
nxforms   = 1
mean      = 0.0000 0.0000 0.0000
sigma     = 1.0000
1 4 4
1.122169017791748e+00 -1.288999989628792e-02 -1.970300078392029e-02 -6.325230002403259e-01 
2.257999964058399e-03 1.036975026130676e+00 4.604800045490265e-02 -2.211966991424561e+00 
2.951999893411994e-03 3.472499921917915e-02 1.144832015037537e+00 2.532211065292358e+00 
0.000000000000000e+00 0.000000000000000e+00 0.000000000000000e+00 1.000000000000000e+00 
src volume info
valid = 1  # volume info valid
filename = /home/bverreman/Desktop/test2_high_res/mri/orig_nu.mgz
volume = 311 311 311
voxelsize = 6.999999880790710e-01 6.999999880790710e-01 6.999999880790710e-01
xras   = -1.000000000000000e+00 0.000000000000000e+00 0.000000000000000e+00
yras   = 0.000000000000000e+00 0.000000000000000e+00 -1.000000000000000e+00
zras   = 0.000000000000000e+00 1.000000000000000e+00 0.000000000000000e+00
cras   = -1.000000000000000e+00 -1.715000152587891e+01 1.900000000000000e+01
dst volume info
valid = 1  # volume info valid
filename = /usr/local/freesurfer/7.4.1/average/mni305.cor.mgz
volume = 256 256 256
voxelsize = 1.000000000000000e+00 1.000000000000000e+00 1.000000000000000e+00
xras   = -1.000000000000000e+00 0.000000000000000e+00 0.000000000000000e+00
yras   = 0.000000000000000e+00 0.000000000000000e+00 -1.000000000000000e+00
zras   = 0.000000000000000e+00 1.000000000000000e+00 0.000000000000000e+00
cras   = 0.000000000000000e+00 0.000000000000000e+00 0.000000000000000e+00
subject fsaverage
fscale 0.100000
