# transform file transforms/talairach.lta
# created by bverreman on Fri Aug 18 12:55:37 2023

type      = 0 # LINEAR_VOX_TO_VOX
nxforms   = 1
mean      = 153.0000 184.0000 154.0000
sigma     = 10000.0000
1 4 4
7.591990232467651e-01 -1.771741081029177e-03 2.576638013124466e-02 6.396890163421631e+00 
-2.035589423030615e-03 8.062261939048767e-01 -8.757673203945160e-03 -1.893507957458496e+01 
-2.870815806090832e-02 -5.185820162296295e-03 7.028533220291138e-01 6.736937999725342e+00 
0.000000000000000e+00 0.000000000000000e+00 0.000000000000000e+00 1.000000000000000e+00 
src volume info
valid = 1  # volume info valid
filename = nu.mgz
volume = 311 311 311
voxelsize = 6.999999880790710e-01 6.999999880790710e-01 6.999999880790710e-01
xras   = -1.000000000000000e+00 0.000000000000000e+00 0.000000000000000e+00
yras   = 0.000000000000000e+00 0.000000000000000e+00 -1.000000000000000e+00
zras   = 0.000000000000000e+00 1.000000000000000e+00 0.000000000000000e+00
cras   = -1.000000000000000e+00 -1.715000152587891e+01 1.900000000000000e+01
dst volume info
valid = 1  # volume info valid
filename = /usr/local/freesurfer/7.4.1/average/RB_all_2020-01-02.gca
volume = 256 256 256
voxelsize = 1.000000000000000e+00 1.000000000000000e+00 1.000000000000000e+00
xras   = -1.000000000000000e+00 0.000000000000000e+00 0.000000000000000e+00
yras   = 0.000000000000000e+00 0.000000000000000e+00 -1.000000000000000e+00
zras   = 0.000000000000000e+00 1.000000000000000e+00 0.000000000000000e+00
cras   = 0.000000000000000e+00 0.000000000000000e+00 0.000000000000000e+00
