# transform file transforms/talairach_with_skull.lta
# created by bverreman on Fri Aug 18 12:39:57 2023

type      = 0 # LINEAR_VOX_TO_VOX
nxforms   = 1
mean      = 151.0000 173.0000 157.0000
sigma     = 10000.0000
1 4 4
7.744124531745911e-01 3.592357039451599e-02 2.013914287090302e-02 -2.165225505828857e+00 
-3.146058693528175e-02 8.476362228393555e-01 -6.849359720945358e-02 -1.086734676361084e+01 
-2.494997344911098e-02 8.347424864768982e-02 6.856054067611694e-01 -8.720895767211914e+00 
0.000000000000000e+00 0.000000000000000e+00 0.000000000000000e+00 1.000000000000000e+00 
src volume info
valid = 1  # volume info valid
filename = nu.mgz
volume = 311 311 311
voxelsize = 6.999999880790710e-01 6.999999880790710e-01 6.999999880790710e-01
xras   = -1.000000000000000e+00 0.000000000000000e+00 0.000000000000000e+00
yras   = 0.000000000000000e+00 0.000000000000000e+00 -1.000000000000000e+00
zras   = 0.000000000000000e+00 1.000000000000000e+00 0.000000000000000e+00
cras   = -1.000000000000000e+00 -1.715000152587891e+01 1.900000000000000e+01
dst volume info
valid = 1  # volume info valid
filename = /usr/local/freesurfer/7.4.1/average/RB_all_withskull_2020_01_02.gca
volume = 256 256 256
voxelsize = 1.000000000000000e+00 1.000000000000000e+00 1.000000000000000e+00
xras   = -1.000000000000000e+00 0.000000000000000e+00 0.000000000000000e+00
yras   = 0.000000000000000e+00 0.000000000000000e+00 -1.000000000000000e+00
zras   = 0.000000000000000e+00 1.000000000000000e+00 0.000000000000000e+00
cras   = 0.000000000000000e+00 0.000000000000000e+00 0.000000000000000e+00
